0.012698812485732725 20.14377486342611
0.01894293725960834 15.084331721378039
0.02825735653822855 7.599305934997023
0.0421517628225031 8.15077014643668
0.06287817852461934 3.1117153229723162
0.09379596652273821 1.9904036102521758
0.13991631981657962 2.834952368129379
0.20871448183509675 2.067110217987961
0.31134134305990374 2.149498481642426
0.46443079103121765 1.8771593447807813
0.6927957512420108 2.0025533768751798
1.0334498965352192 1.6838927785676796
1.5416068685957771 1.4427152078627188
2.2996293727150108 1.0291308982650234
3.4303786260829576 0.7315378296662461
5.117127854561076 0.5951128114406602
7.6332674419163675 0.44541907699702343
11.386616378538445 0.3281845026699219
16.985522063596086 0.2787147800884063
