      0.0000000       0.9907256       1.0965684       0.8843038
      0.1000000       0.9593335       1.0640014       0.8540923
      0.2000000       0.9279413       1.0314345       0.8238808
      0.3000000       0.8965492       0.9988675       0.7936693
      0.4000000       0.8651570       0.9663005       0.7634578
      0.5000000       0.8337649       0.9337335       0.7332463
      0.6000000       0.8023727       0.9011666       0.7030348
      0.7000000       0.7709806       0.8685996       0.6728233
      0.8000000       0.7395884       0.8360326       0.6426118
      0.9000000       0.7081963       0.8034657       0.6124003
      1.0000000       0.6768041       0.7708987       0.5821889
      1.1000000       0.6454120       0.7383317       0.5519774
      1.2000000       0.6140198       0.7057647       0.5217659
      1.3000000       0.5826277       0.6731978       0.4915544
      1.4000000       0.5512355       0.6406308       0.4613429
      1.5000000       0.5198434       0.6080638       0.4311314
      1.6000000       0.4884512       0.5754968       0.4009199
      1.7000000       0.4570591       0.5429299       0.3707084
      1.8000000       0.4256669       0.5103629       0.3404969
      1.9000000       0.3942748       0.4777959       0.3102854
      2.0000000       0.3628826       0.4452290       0.2800740
      2.1000000       0.3314905       0.4126620       0.2498625
      2.2000000       0.3000983       0.3800950       0.2196510
      2.3000000       0.2687062       0.3475280       0.1894395
      2.4000000       0.2373141       0.3149611       0.1592280
      2.5000000       0.2059219       0.2823941       0.1290165
      2.6000000       0.1745298       0.2498271       0.0988050
      2.7000000       0.1431376       0.2172602       0.0685935
      2.8000000       0.1117455       0.1846932       0.0383820
      2.9000000       0.0803533       0.1521262       0.0081705
      3.0000000       0.0489612       0.1195592      -0.0220409
      3.1000000       0.0175690       0.0869923      -0.0522524
      3.2000000      -0.0138231       0.0544253      -0.0824639
      3.3000000      -0.0452153       0.0218583      -0.1126754
      3.4000001      -0.0766074      -0.0107087      -0.1428869
      3.5000001      -0.1079996      -0.0432756      -0.1730984
      3.6000001      -0.1393917      -0.0758426      -0.2033099
      3.7000001      -0.1707839      -0.1084096      -0.2335214
      3.8000001      -0.2021760      -0.1409766      -0.2637329
      3.9000001      -0.2335682      -0.1735435      -0.2939444
      4.0000001      -0.2649604      -0.2061105      -0.3241559
      4.1000001      -0.2963525      -0.2386775      -0.3543674
      4.2000001      -0.3277447      -0.2712445      -0.3845789
      4.3000001      -0.3591368      -0.3038115      -0.4147904
      4.4000001      -0.3905290      -0.3363785      -0.4450019
      4.5000001      -0.4219212      -0.3689455      -0.4752134
      4.6000001      -0.4533133      -0.4015125      -0.5054249
      4.7000001      -0.4847055      -0.4340795      -0.5356365
      4.8000001      -0.5160977      -0.4666465      -0.5658480
      4.9000001      -0.5474899      -0.4992135      -0.5960595
      5.0000001      -0.5788821      -0.5317805      -0.6262711
      5.1000001      -0.6102744      -0.5643476      -0.6564827
      5.2000001      -0.6416666      -0.5969147      -0.6866943
      5.3000001      -0.6730589      -0.6294818      -0.7169059
      5.4000001      -0.7044512      -0.6620489      -0.7471176
      5.5000001      -0.7358436      -0.6946161      -0.7773293
      5.6000001      -0.7672360      -0.7271833      -0.8075411
      5.7000001      -0.7986285      -0.7597506      -0.8377530
      5.8000001      -0.8300211      -0.7923180      -0.8679649
      5.9000001      -0.8614138      -0.8248855      -0.8981770
      6.0000001      -0.8928067      -0.8574531      -0.9283892
      6.1000001      -0.9241997      -0.8900209      -0.9586017
      6.2000001      -0.9555929      -0.9225889      -0.9888143
      6.3000001      -0.9869865      -0.9551572      -1.0190273
      6.4000001      -1.0183804      -0.9877258      -1.0492407
      6.5000001      -1.0497747      -1.0202948      -1.0794545
      6.6000001      -1.0811696      -1.0528644      -1.1096689
      6.7000001      -1.1125653      -1.0854346      -1.1398841
      6.8000001      -1.1439618      -1.1180057      -1.1701003
      6.9000001      -1.1753595      -1.1505778      -1.2003177
      7.0000001      -1.2067586      -1.1831513      -1.2305366
      7.1000001      -1.2381595      -1.2157265      -1.2607574
      7.2000001      -1.2695626      -1.2483037      -1.2909807
      7.3000001      -1.3009687      -1.2808837      -1.3212070
      7.4000001      -1.3323783      -1.3134670      -1.3514371
      7.5000001      -1.3637924      -1.3460546      -1.3816720
      7.6000001      -1.3952123      -1.3786474      -1.4119131
      7.7000001      -1.4266393      -1.4112470      -1.4421617
      7.8000001      -1.4580753      -1.4438550      -1.4724200
      7.9000001      -1.4895227      -1.4764737      -1.5026904
      8.0000001      -1.5209844      -1.5091057      -1.5329761
      8.1000001      -1.5524641      -1.5417546      -1.5632810
      8.2000001      -1.5839665      -1.5744246      -1.5936100
      8.3000001      -1.6154974      -1.6071214      -1.6239695
      8.4000001      -1.6470642      -1.6398518      -1.6543674
      8.5000001      -1.6786763      -1.6726245      -1.6848134
      8.6000001      -1.7103453      -1.7054504      -1.7153202
      8.7000001      -1.7420860      -1.7383435      -1.7459035
      8.8000001      -1.7739170      -1.7713209      -1.7765831
      8.9000001      -1.8058615      -1.8044046      -1.8073838
      9.0000001      -1.8379492      -1.8376221      -1.8383371
      9.1000001      -1.8702168      -1.8710081      -1.8694824
      9.2000001      -1.9027112      -1.9046061      -1.9008696
      9.3000001      -1.9354910      -1.9384711      -1.9325612
      9.4000001      -1.9686301      -1.9726721      -1.9646360
      9.5000001      -2.0022215      -2.0072963      -1.9971933
      9.6000001      -2.0363823      -2.0424531      -2.0303580
      9.7000001      -2.0712601      -2.0782805      -2.0642873
      9.8000001      -2.1070403      -2.1149521      -2.0991793
      9.9000001      -2.1439568      -2.1526865      -2.1352831
     10.0000001      -2.1823036      -2.1917589      -2.1729127
     10.1000002      -2.2224511      -2.2325157      -2.2124630
     10.2000002      -2.2648656      -2.2753931      -2.2544313
     10.3000002      -2.3101342      -2.3209401      -2.2994438
     10.4000002      -2.3589956      -2.3698479      -2.3482886
     10.5000002      -2.4123803      -2.4229868      -2.4019580
     10.6000002      -2.4714595      -2.4814523      -2.4617013
     10.7000002      -2.5377075      -2.5466236      -2.5290912
     10.8000002      -2.6129806      -2.6202369      -2.6061075
     10.9000002      -2.6996155      -2.7044783      -2.6952427
     11.0000002      -2.8005543      -2.8020994      -2.7996348
     11.1000002      -2.9195004      -2.9165647      -2.9232341
     11.2000002      -3.0611165      -3.0522355      -3.0710139
     11.3000002      -3.2312723      -3.2146026      -3.2492351
     11.4000002      -3.4373576      -3.4105782      -3.4657799
     11.5000002      -3.6886754      -3.6488644      -3.7305710
     11.6000002      -3.9969375      -3.9404166      -4.0561007
     11.7000002      -4.3768883      -4.2990267      -4.4580959
     11.8000002      -4.8470898      -4.7420576      -4.9563553
     11.9000002      -5.4309102      -5.2913680      -5.5758042
     12.0000002      -6.1577683      -5.9744765      -6.3478216
     12.1000002      -7.0647002      -6.8260266      -7.3119115
     12.2000002      -8.1983317      -7.8896324      -8.5178062
     12.3000002      -9.6173608      -9.2202003     -10.0281152
     12.4000002     -11.3956845     -10.8868536     -11.9216590
     12.5000002     -13.6263331     -12.9766134     -14.2976669
     12.6000002     -16.4264252     -15.5990327     -17.2810612
     12.7000002     -19.9434040     -18.8920306     -21.0291095
     12.8000002     -24.3628898     -23.0292370     -25.7398002
     12.9000002     -29.9185645     -28.2292388     -31.6623860
     13.0000002     -36.9046165     -34.7672208     -39.1106573
     13.1000002     -45.6914066     -42.9896201     -48.4796528
     13.2000002     999.9000244     999.9000244     999.9000244
     13.3000002     999.9000244     999.9000244     999.9000244
     13.4000002     999.9000244     999.9000244     999.9000244
     13.5000002     999.9000244     999.9000244     999.9000244
     13.6000002     999.9000244     999.9000244     999.9000244
     13.7000002     999.9000244     999.9000244     999.9000244
     13.8000002     999.9000244     999.9000244     999.9000244
     13.9000002     999.9000244     999.9000244     999.9000244
     14.0000002     999.9000244     999.9000244     999.9000244
     14.1000002     999.9000244     999.9000244     999.9000244
     14.2000002     999.9000244     999.9000244     999.9000244
     14.3000002     999.9000244     999.9000244     999.9000244
     14.4000002     999.9000244     999.9000244     999.9000244
     14.5000002     999.9000244     999.9000244     999.9000244
     14.6000002     999.9000244     999.9000244     999.9000244
     14.7000002     999.9000244     999.9000244     999.9000244
     14.8000002     999.9000244     999.9000244     999.9000244
     14.9000002     999.9000244     999.9000244     999.9000244
     15.0000002     999.9000244     999.9000244     999.9000244
     15.1000002     999.9000244     999.9000244     999.9000244
     15.2000002     999.9000244     999.9000244     999.9000244
     15.3000002     999.9000244     999.9000244     999.9000244
     15.4000002     999.9000244     999.9000244     999.9000244
     15.5000002     999.9000244     999.9000244     999.9000244
     15.6000002     999.9000244     999.9000244     999.9000244
     15.7000002     999.9000244     999.9000244     999.9000244
     15.8000002     999.9000244     999.9000244     999.9000244
     15.9000002     999.9000244     999.9000244     999.9000244
     16.0000002     999.9000244     999.9000244     999.9000244
     16.1000002     999.9000244     999.9000244     999.9000244
     16.2000002     999.9000244     999.9000244     999.9000244
     16.3000002     999.9000244     999.9000244     999.9000244
     16.4000002     999.9000244     999.9000244     999.9000244
     16.5000002     999.9000244     999.9000244     999.9000244
     16.6000002     999.9000244     999.9000244     999.9000244
     16.7000002     999.9000244     999.9000244     999.9000244
     16.8000003     999.9000244     999.9000244     999.9000244
     16.9000003     999.9000244     999.9000244     999.9000244
     17.0000003     999.9000244     999.9000244     999.9000244
     17.1000003     999.9000244     999.9000244     999.9000244
     17.2000003     999.9000244     999.9000244     999.9000244
     17.3000003     999.9000244     999.9000244     999.9000244
     17.4000003     999.9000244     999.9000244     999.9000244
     17.5000003     999.9000244     999.9000244     999.9000244
     17.6000003     999.9000244     999.9000244     999.9000244
     17.7000003     999.9000244     999.9000244     999.9000244
     17.8000003     999.9000244     999.9000244     999.9000244
     17.9000003     999.9000244     999.9000244     999.9000244
     18.0000003     999.9000244     999.9000244     999.9000244
     18.1000003     999.9000244     999.9000244     999.9000244
     18.2000003     999.9000244     999.9000244     999.9000244
     18.3000003     999.9000244     999.9000244     999.9000244
     18.4000003     999.9000244     999.9000244     999.9000244
     18.5000003     999.9000244     999.9000244     999.9000244
     18.6000003     999.9000244     999.9000244     999.9000244
     18.7000003     999.9000244     999.9000244     999.9000244
     18.8000003     999.9000244     999.9000244     999.9000244
     18.9000003     999.9000244     999.9000244     999.9000244
     19.0000003     999.9000244     999.9000244     999.9000244
     19.1000003     999.9000244     999.9000244     999.9000244
     19.2000003     999.9000244     999.9000244     999.9000244
     19.3000003     999.9000244     999.9000244     999.9000244
     19.4000003     999.9000244     999.9000244     999.9000244
     19.5000003     999.9000244     999.9000244     999.9000244
     19.6000003     999.9000244     999.9000244     999.9000244
     19.7000003     999.9000244     999.9000244     999.9000244
     19.8000003     999.9000244     999.9000244     999.9000244
     19.9000003     999.9000244     999.9000244     999.9000244
     20.0000003     999.9000244     999.9000244     999.9000244
     20.1000003     999.9000244     999.9000244     999.9000244
     20.2000003     999.9000244     999.9000244     999.9000244
     20.3000003     999.9000244     999.9000244     999.9000244
     20.4000003     999.9000244     999.9000244     999.9000244
     20.5000003     999.9000244     999.9000244     999.9000244
     20.6000003     999.9000244     999.9000244     999.9000244
     20.7000003     999.9000244     999.9000244     999.9000244
     20.8000003     999.9000244     999.9000244     999.9000244
     20.9000003     999.9000244     999.9000244     999.9000244
     21.0000003     999.9000244     999.9000244     999.9000244
     21.1000003     999.9000244     999.9000244     999.9000244
     21.2000003     999.9000244     999.9000244     999.9000244
     21.3000003     999.9000244     999.9000244     999.9000244
     21.4000003     999.9000244     999.9000244     999.9000244
     21.5000003     999.9000244     999.9000244     999.9000244
     21.6000003     999.9000244     999.9000244     999.9000244
     21.7000003     999.9000244     999.9000244     999.9000244
     21.8000003     999.9000244     999.9000244     999.9000244
     21.9000003     999.9000244     999.9000244     999.9000244
     22.0000003     999.9000244     999.9000244     999.9000244
     22.1000003     999.9000244     999.9000244     999.9000244
     22.2000003     999.9000244     999.9000244     999.9000244
     22.3000003     999.9000244     999.9000244     999.9000244
     22.4000003     999.9000244     999.9000244     999.9000244
     22.5000003     999.9000244     999.9000244     999.9000244
     22.6000003     999.9000244     999.9000244     999.9000244
     22.7000003     999.9000244     999.9000244     999.9000244
     22.8000003     999.9000244     999.9000244     999.9000244
     22.9000003     999.9000244     999.9000244     999.9000244
     23.0000003     999.9000244     999.9000244     999.9000244
     23.1000003     999.9000244     999.9000244     999.9000244
     23.2000003     999.9000244     999.9000244     999.9000244
     23.3000003     999.9000244     999.9000244     999.9000244
     23.4000003     999.9000244     999.9000244     999.9000244
     23.5000004     999.9000244     999.9000244     999.9000244
     23.6000004     999.9000244     999.9000244     999.9000244
     23.7000004     999.9000244     999.9000244     999.9000244
     23.8000004     999.9000244     999.9000244     999.9000244
     23.9000004     999.9000244     999.9000244     999.9000244
     24.0000004     999.9000244     999.9000244     999.9000244
     24.1000004     999.9000244     999.9000244     999.9000244
     24.2000004     999.9000244     999.9000244     999.9000244
     24.3000004     999.9000244     999.9000244     999.9000244
     24.4000004     999.9000244     999.9000244     999.9000244
     24.5000004     999.9000244     999.9000244     999.9000244
     24.6000004     999.9000244     999.9000244     999.9000244
     24.7000004     999.9000244     999.9000244     999.9000244
     24.8000004     999.9000244     999.9000244     999.9000244
     24.9000004     999.9000244     999.9000244     999.9000244
     25.0000004     999.9000244     999.9000244     999.9000244
     25.1000004     999.9000244     999.9000244     999.9000244
     25.2000004     999.9000244     999.9000244     999.9000244
     25.3000004     999.9000244     999.9000244     999.9000244
     25.4000004     999.9000244     999.9000244     999.9000244
     25.5000004     999.9000244     999.9000244     999.9000244
     25.6000004     999.9000244     999.9000244     999.9000244
     25.7000004     999.9000244     999.9000244     999.9000244
     25.8000004     999.9000244     999.9000244     999.9000244
     25.9000004     999.9000244     999.9000244     999.9000244
     26.0000004     999.9000244     999.9000244     999.9000244
     26.1000004     999.9000244     999.9000244     999.9000244
     26.2000004     999.9000244     999.9000244     999.9000244
     26.3000004     999.9000244     999.9000244     999.9000244
     26.4000004     999.9000244     999.9000244     999.9000244
     26.5000004     999.9000244     999.9000244     999.9000244
     26.6000004     999.9000244     999.9000244     999.9000244
     26.7000004     999.9000244     999.9000244     999.9000244
     26.8000004     999.9000244     999.9000244     999.9000244
     26.9000004     999.9000244     999.9000244     999.9000244
     27.0000004     999.9000244     999.9000244     999.9000244
     27.1000004     999.9000244     999.9000244     999.9000244
     27.2000004     999.9000244     999.9000244     999.9000244
     27.3000004     999.9000244     999.9000244     999.9000244
     27.4000004     999.9000244     999.9000244     999.9000244
     27.5000004     999.9000244     999.9000244     999.9000244
     27.6000004     999.9000244     999.9000244     999.9000244
     27.7000004     999.9000244     999.9000244     999.9000244
     27.8000004     999.9000244     999.9000244     999.9000244
     27.9000004     999.9000244     999.9000244     999.9000244
     28.0000004     999.9000244     999.9000244     999.9000244
     28.1000004     999.9000244     999.9000244     999.9000244
     28.2000004     999.9000244     999.9000244     999.9000244
     28.3000004     999.9000244     999.9000244     999.9000244
     28.4000004     999.9000244     999.9000244     999.9000244
     28.5000004     999.9000244     999.9000244     999.9000244
     28.6000004     999.9000244     999.9000244     999.9000244
     28.7000004     999.9000244     999.9000244     999.9000244
     28.8000004     999.9000244     999.9000244     999.9000244
     28.9000004     999.9000244     999.9000244     999.9000244
     29.0000004     999.9000244     999.9000244     999.9000244
     29.1000004     999.9000244     999.9000244     999.9000244
     29.2000004     999.9000244     999.9000244     999.9000244
     29.3000004     999.9000244     999.9000244     999.9000244
     29.4000004     999.9000244     999.9000244     999.9000244
     29.5000004     999.9000244     999.9000244     999.9000244
     29.6000004     999.9000244     999.9000244     999.9000244
     29.7000004     999.9000244     999.9000244     999.9000244
     29.8000004     999.9000244     999.9000244     999.9000244
     29.9000004     999.9000244     999.9000244     999.9000244
